74 28
                                                                          
                                                                          
                                                                          
                                                                          
                                                                          
                                                                          
                                                                          
                                                                          
                                                                          
                                                                          
                                                                          
                                                                          
                                                                          
                                                                          
                                                                          
                                                                          
                                                                          
                                                                          
                                                                          
                                                                          
                                                                          
                                                                          
                                                                          
                                                                          
                                                                          
                                                                          
                                                                          
111111111111111111111111111111111111  111111111111111111111111111111111111
2
CrateScaled.png 20 1
CrateScaled.png 2 11
