36 28
1                                   
1                                   
1                                   
1                                   
1                                   
1                                   
1                                   
1                                   
1                                   
1                                   
1                                   
1                                   
1                                   
1                                   
1                                   
1                                   
1                                   
1                                   
1                                   
1                                   
1                                   
1                                   
1                                   
1                                   
1                                   
1                                   
1                                   
111111111111111111111111111111111111
2
CrateScaled.png 20 1
CrateScaled.png 2 11
2 20

 